V_Ca=100;
g_Ca=4.4;
g_K=8;
V1=-1;
V2=15;
V_K=70;
V3=2;
V4=30;
fai=0.066;
V_L=50;
g_L=0.2;
Cm=20;